1 LA_T_1138215 0.43 0.82
2 LA_T_1271820 0.55 0.85
3 LA_T_1271820 1.62 2.01
4 LA_T_1272637 0.43 0.66
5 LA_T_1276960 0.45 0.67
6 LA_T_1341447 0.425 0.81
7 LA_T_1363611 0.43 0.67
8 LA_T_1596451 0.38 0.61
9 LA_T_1608170 0.46 0.76
10 LA_T_1684951 0.48 0.96
11 LA_T_1699801 0.43 0.66
12 LA_T_1703395 0.36 0.605
13 LA_T_1736342 0.41 0.71
14 LA_T_1779188 0.62 0.86
15 LA_T_1786825 0.53 0.81
16 LA_T_1787246 0.42 0.74
17 LA_T_1905558 0.4 0.74
18 LA_T_2205687 0.41 0.74
19 LA_T_2220901 0.41 0.66
20 LA_T_2361751 0.37 0.63
21 LA_T_2373806 0.47 0.71
22 LA_T_2417641 0.44 0.67
23 LA_T_2520083 0.46 1.02
24 LA_T_2562689 0.79 1.13
26 LA_T_2732709 0.46 0.76
27 LA_T_2759900 0.48 0.73
28 LA_T_2759900 1.51 1.81
29 LA_T_2838981 0.45 0.72
30 LA_T_2873890 0.47 0.78
31 LA_T_2938316 0.37 0.61
32 LA_T_3131990 0.39 0.65
33 LA_T_3131990 2.46 2.73
34 LA_T_3141223 0.563 0.85
35 LA_T_3167734 0.46 0.77
36 LA_T_3187715 0.49 0.805
37 LA_T_3215578 0.53 0.69
38 LA_T_3247389 0.37 0.71
39 LA_T_3346004 0.4 0.73
40 LA_T_3346004 2.32 2.55
41 LA_T_3441957 0.35 0.58
42 LA_T_3561136 0.53 0.99
43 LA_T_3576775 0.43 0.71
44 LA_T_3580508 0.42 0.73
45 LA_T_3635733 0.48 0.83
46 LA_T_3636245 0.42 0.68
47 LA_T_3810183 0.42 0.92
48 LA_T_3849267 0.45 0.68
49 LA_T_3995089 0.47 0.73
50 LA_T_3999087 0.49 0.88
51 LA_T_3999267 0.42 0.64
52 LA_T_4053835 0.37 0.68
53 LA_T_4118798 0.47 0.78
54 LA_T_4155454 0.55 0.89
55 LA_T_4179989 0.46 0.72
56 LA_T_4197307 0.49 0.75
57 LA_T_4237787 0.41 0.78
58 LA_T_4239283 0.42 0.66
59 LA_T_4244329 0.4 0.75
60 LA_T_4339311 0.36 0.69
61 LA_T_4362109 0.46 0.68
62 LA_T_4428691 0.5 0.8
63 LA_T_4752788 0.45 0.67
64 LA_T_4752788 1.3 1.76
65 LA_T_4756464 0.43 0.73
66 LA_T_4822766 0.43 0.73
67 LA_T_5096578 0.77 1.08
68 LA_T_5161420 0.48 0.81
69 LA_T_5191549 0.44 0.79
70 LA_T_5337549 0.41 0.73
71 LA_T_5387852 0.51 0.77
72 LA_T_5521272 0.5 0.77
73 LA_T_5761909 0.41 0.68
74 LA_T_5777819 0.55 0.94
75 LA_T_5785306 2.33 2.52
76 LA_T_5954195 0.5 0.81
77 LA_T_6058143 0.63 1.02
78 LA_T_6074694 0.4 0.72
79 LA_T_6074694 1.43 1.73
80 LA_T_6105178 0.33 0.63
81 LA_T_6200206 0.45 0.71
82 LA_T_6214695 0.47 1.03
83 LA_T_6324553 0.4 0.8
84 LA_T_6335714 0.39 0.61
85 LA_T_6335714 2.16 2.41
86 LA_T_6370865 0.65 0.93
87 LA_T_6405980 0.35 0.58
88 LA_T_6405980 1.34 1.57
89 LA_T_6426017 0.36 0.64
90 LA_T_6426017 1.45 1.79
91 LA_T_6492747 0.38 0.62
92 LA_T_6618587 0.51 0.75
93 LA_T_6630946 0.42 0.7
94 LA_T_6721654 0.43 0.74
95 LA_T_6736628 0.38 0.64
96 LA_T_6768659 0.4 0.75
97 LA_T_6960204 1.78 2.2
98 LA_T_7122854 0.48 0.82
99 LA_T_7248140 0.43 0.75
100 LA_T_7288400 0.41 0.68
101 LA_T_7397041 0.41 0.71
102 LA_T_7677120 0.54 0.81
103 LA_T_7737943 0.51 0.77
104 LA_T_7744923 0.4 0.73
105 LA_T_8115679 0.41 0.71
106 LA_T_8115679 1.91 2.19
107 LA_T_8145267 0.51 0.79
108 LA_T_8324598 0.45 0.85
109 LA_T_8449978 0.49 0.85
110 LA_T_8458654 0.4 0.65
111 LA_T_1128865 0.41 0.95
112 LA_T_1255705 0.45 0.81
113 LA_T_1335486 0.61 1.06
114 LA_T_1341430 0.25 0.81
115 LA_T_1429012 0.29 0.87
116 LA_T_1509895 0.43 0.81
117 LA_T_1530054 0.46 0.91
118 LA_T_1607779 0.86 1.28
119 LA_T_1617431 0.62 1.01
120 LA_T_1636563 0.59 1.15
121 LA_T_1746987 0.49 0.95
122 LA_T_1787294 0.65 1.14
123 LA_T_1829959 0.73 1.21
124 LA_T_1926066 0.58 0.92
125 LA_T_1955947 0.49 0.81
126 LA_T_1991708 0.42 0.76
127 LA_T_2145141 0.62 1.01
128 LA_T_2401614 0.42 0.85
129 LA_T_2508565 0.45 0.98
130 LA_T_2534579 0.32 0.72
131 LA_T_2682425 0.72 1.09
132 LA_T_2797332 0.33 0.83
133 LA_T_2978013 0.43 0.93
134 LA_T_3008265 0.53 0.93
135 LA_T_3133284 0.45 0.81
136 LA_T_3240252 0.45 0.81
137 LA_T_3265095 0.41 0.69
138 LA_T_3288573 0.43 0.95
139 LA_T_3336416 0.41 1.0
140 LA_T_3394389 0.51 0.89
141 LA_T_3470152 0.48 0.89
142 LA_T_3487529 0.45 0.83
143 LA_T_3491111 0.56 0.99
144 LA_T_3515602 0.29 0.69
145 LA_T_3720724 0.47 0.99
146 LA_T_3724264 0.37 0.83
147 LA_T_3729572 0.46 0.92
148 LA_T_3858431 0.44 0.72
149 LA_T_3860059 0.56 0.96
150 LA_T_3887046 0.45 0.82
151 LA_T_3927701 0.32 0.79
152 LA_T_4057520 0.45 0.72
153 LA_T_4112194 0.41 0.93
154 LA_T_4234865 0.51 0.91
155 LA_T_4270225 0.61 0.87
156 LA_T_4297429 0.49 0.85
157 LA_T_4408648 0.39 0.81
158 LA_T_4511853 0.35 0.79
159 LA_T_4630790 0.61 1.06
160 LA_T_4635542 0.39 0.79
161 LA_T_4642103 0.43 0.71
162 LA_T_4668575 0.45 0.88
163 LA_T_4676270 0.41 0.86
164 LA_T_4694860 0.62 0.97
165 LA_T_4810261 0.39 0.83
166 LA_T_4861861 0.46 0.85
167 LA_T_4868237 0.69 1.09
168 LA_T_4871078 0.49 0.86
169 LA_T_4891261 0.45 0.93
170 LA_T_4948515 0.41 0.85
171 LA_T_4980341 0.81 1.15
172 LA_T_5010828 0.35 0.83
173 LA_T_5249142 0.41 0.85
174 LA_T_5326968 0.43 1.11
175 LA_T_5340625 0.33 0.69
176 LA_T_5400219 0.75 1.45
177 LA_T_5497895 0.41 0.77
178 LA_T_5625330 0.33 0.89
179 LA_T_5727134 0.55 0.97
180 LA_T_5782392 0.5 1.05
181 LA_T_5804164 0.51 0.96
182 LA_T_5876876 0.39 0.73
183 LA_T_5919047 0.42 0.95
184 LA_T_5988636 0.36 0.81
185 LA_T_6072502 0.37 0.79
186 LA_T_1128865 1 2.5
187 LA_T_1138215 0.85 1.6
188 LA_T_1255705 0.9 2.2
189 LA_T_1271820 2 2.9
190 LA_T_1272637 1.15 2.2
191 LA_T_1276960 0.7 2.7
192 LA_T_1335486 1.1 2.8
193 LA_T_1341430 1.1 3
194 LA_T_1341447 0.8 2.3
195 LA_T_1363611 1.3 1.8
196 LA_T_1429012 0.9 3
197 LA_T_1509895 0.88 2.2
198 LA_T_1530054 0.92 2.49
199 LA_T_1596451 0.68 1.86
200 LA_T_1607779 1.65 3.15
201 LA_T_1138215 0 0.38
202 LA_T_1271820 0 0.5
203 LA_T_1272637 0 0.38
204 LA_T_1276960 0 0.4
205 LA_T_1341447 0 0.375
206 LA_T_1363611 0 0.38
207 LA_T_1596451 0 0.33
208 LA_T_1608170 0 0.41
209 LA_T_1684951 0 0.43
210 LA_T_1699801 0 0.38
211 LA_T_1703395 0 0.31
212 LA_T_1736342 0 0.36
213 LA_T_1779188 0 0.57
214 LA_T_1786825 0 0.48
215 LA_T_1787246 0 0.37
216 LA_T_1905558 0 0.35
217 LA_T_2205687 0 0.36
218 LA_T_2220901 0 0.36
219 LA_T_2361751 0 0.32
220 LA_T_2373806 0 0.42
221 LA_T_2417641 0 0.39
222 LA_T_2520083 0 0.41
223 LA_T_2562689 0 0.74
225 LA_T_2732709 0 0.41
226 LA_T_2759900 0 0.43
227 LA_T_2838981 0 0.4
228 LA_T_2873890 0 0.42
229 LA_T_2938316 0 0.32
230 LA_T_3131990 0 0.34
231 LA_T_3141223 0 0.51
232 LA_T_3167734 0 0.41
233 LA_T_3187715 0 0.44
234 LA_T_3215578 0 0.48
235 LA_T_3247389 0 0.32
236 LA_T_3346004 0 0.35
237 LA_T_3441957 0 0.3
238 LA_T_3561136 0 0.48
239 LA_T_3576775 0 0.38
240 LA_T_3580508 0 0.37
241 LA_T_3635733 0 0.43
242 LA_T_3636245 0 0.37
243 LA_T_3810183 0 0.37
244 LA_T_3849267 0 0.4
245 LA_T_3995089 0 0.42
246 LA_T_3999087 0 0.44
247 LA_T_3999267 0 0.37
248 LA_T_4053835 0 0.32
249 LA_T_4118798 0 0.42
250 LA_T_4155454 0 0.5
251 LA_T_4179989 0 0.41
252 LA_T_4197307 0 0.44
253 LA_T_4237787 0 0.36
254 LA_T_4239283 0 0.37
255 LA_T_4244329 0 0.35
256 LA_T_4339311 0 0.31
257 LA_T_4362109 0 0.41
258 LA_T_4428691 0 0.45
259 LA_T_4752788 0 0.4
260 LA_T_4756464 0 0.38
261 LA_T_4822766 0 0.38
262 LA_T_5096578 0 0.72
263 LA_T_5161420 0 0.43
264 LA_T_5191549 0 0.39
265 LA_T_5337549 0 0.36
266 LA_T_5387852 0 0.46
267 LA_T_5521272 0 0.45
268 LA_T_5761909 0 0.36
269 LA_T_5777819 0 0.5
270 LA_T_5954195 0 0.45
271 LA_T_6058143 0 0.58
272 LA_T_6074694 0 0.35
273 LA_T_6105178 0 0.28
274 LA_T_6200206 0 0.4
275 LA_T_6214695 0 0.42
276 LA_T_6324553 0 0.35
277 LA_T_6335714 0 0.34
278 LA_T_6370865 0 0.6
279 LA_T_6405980 0 0.3
280 LA_T_6426017 0 0.31
281 LA_T_6492747 0 0.33
282 LA_T_6618587 0 0.46
283 LA_T_6630946 0 0.37
284 LA_T_6721654 0 0.38
285 LA_T_6736628 0 0.33
286 LA_T_6768659 0 0.35
287 LA_T_7122854 0 0.43
288 LA_T_7248140 0 0.38
289 LA_T_7288400 0 0.36
290 LA_T_7397041 0 0.36
291 LA_T_7677120 0 0.49
292 LA_T_7737943 0 0.46
293 LA_T_7744923 0 0.35
294 LA_T_8115679 0 0.36
295 LA_T_8145267 0 0.46
296 LA_T_8324598 0 0.4
297 LA_T_8449978 0 0.44
298 LA_T_8458654 0 0.35
299 LA_T_1128865 0 0.36
300 LA_T_1255705 0 0.4
301 LA_T_1335486 0 0.55
302 LA_T_1341430 0 0.2
303 LA_T_1429012 0 0.24
304 LA_T_1509895 0 0.38
305 LA_T_1530054 0 0.41
306 LA_T_1607779 0 0.80
307 LA_T_1617431 0 0.57
308 LA_T_1636563 0 0.53
309 LA_T_1746987 0 0.44
310 LA_T_1787294 0 0.6
311 LA_T_1829959 0 0.67
312 LA_T_1926066 0 0.52
313 LA_T_1955947 0 0.44
314 LA_T_1991708 0 0.37
315 LA_T_2145141 0 0.57
316 LA_T_2401614 0 0.37
317 LA_T_2508565 0 0.4
318 LA_T_2534579 0 0.27
319 LA_T_2682425 0 0.66
320 LA_T_2797332 0 0.28
321 LA_T_2978013 0 0.38
322 LA_T_3008265 0 0.48
323 LA_T_3133284 0 0.4
324 LA_T_3240252 0 0.4
325 LA_T_3265095 0 0.36
326 LA_T_3288573 0 0.38
327 LA_T_3336416 0 0.36
328 LA_T_3394389 0 0.46
329 LA_T_3470152 0 0.43
330 LA_T_3487529 0 0.4
331 LA_T_3491111 0 0.51
332 LA_T_3515602 0 0.24
333 LA_T_3720724 0 0.42
334 LA_T_3724264 0 0.32
335 LA_T_3729572 0 0.41
336 LA_T_3858431 0 0.39
337 LA_T_3860059 0 0.51
338 LA_T_3887046 0 0.4
339 LA_T_3927701 0 0.27
340 LA_T_4057520 0 0.4
341 LA_T_4112194 0 0.36
342 LA_T_4234865 0 0.46
343 LA_T_4270225 0 0.55
344 LA_T_4297429 0 0.44
345 LA_T_4408648 0 0.34
346 LA_T_4511853 0 0.3
347 LA_T_4630790 0 0.55
348 LA_T_4635542 0 0.34
349 LA_T_4642103 0 0.38
350 LA_T_4668575 0 0.4
351 LA_T_4676270 0 0.36
352 LA_T_4694860 0 0.57
353 LA_T_4810261 0 0.34
354 LA_T_4861861 0 0.41
355 LA_T_4868237 0 0.63
356 LA_T_4871078 0 0.44
357 LA_T_4891261 0 0.4
358 LA_T_4948515 0 0.36
359 LA_T_4980341 0 0.76
360 LA_T_5010828 0 0.3
361 LA_T_5249142 0 0.36
362 LA_T_5326968 0 0.38
363 LA_T_5340625 0 0.28
364 LA_T_5400219 0 0.7
365 LA_T_5497895 0 0.36
366 LA_T_5625330 0 0.28
367 LA_T_5727134 0 0.5
368 LA_T_5782392 0 0.45
369 LA_T_5804164 0 0.46
370 LA_T_5876876 0 0.34
371 LA_T_5919047 0 0.37
372 LA_T_5988636 0 0.31
373 LA_T_6072502 0 0.32
374 LA_T_1617431 1.09 2.02
375 LA_T_1636563 1.16 2.19
376 LA_T_1746987 1.70 2.95
377 LA_T_1787294 1.75 2.40
378 LA_T_1926066 1.05 2.41
379 LA_T_1955947 0.93 1.68
380 LA_T_1991708 0.87 2.23
381 LA_T_2145141 1.12 2.92
382 LA_T_2401614 1.15 2.59
383 LA_T_2508565 1.02 2.18
384 LA_T_2534579 0.75 1.61
385 LA_T_9987202 0.71 1.61
386 LA_T_9737995 0.93 2.9
387 LA_T_9557645 1.22 2.91
388 LA_T_9497115 1.19 2.77
389 LA_T_9387015 0.83 2.25
390 LA_T_9378967 0.81 1.35
391 LA_T_9378967 1.47 3.46
392 LA_T_9351820 0.75 2.11
393 LA_T_9333003 0.95 3.16